0 0.468750 0.182292 0.018750 0.027083
1 0.348438 0.117708 0.025000 0.018750
1 0.528906 0.095833 0.020313 0.025000
0 0.486719 0.113542 0.026562 0.027083
1 0.357031 0.248958 0.023438 0.027083
0 0.550000 0.208333 0.021875 0.033333
0 0.451562 0.210417 0.034375 0.025000
1 0.321094 0.425000 0.032813 0.041667
0 0.405469 0.320833 0.023438 0.033333
1 0.446094 0.341667 0.026562 0.029167
1 0.479687 0.358333 0.028125 0.033333
1 0.460156 0.388542 0.029687 0.031250
1 0.458594 0.425000 0.032813 0.041667
1 0.480469 0.436458 0.029687 0.039583
1 0.371875 0.528125 0.028125 0.039583
1 0.462500 0.454167 0.025000 0.041667
1 0.545312 0.428125 0.021875 0.031250
1 0.571094 0.492708 0.017188 0.031250
1 0.570312 0.565625 0.018750 0.035417
1 0.546875 0.582292 0.021875 0.039583
0 0.376563 0.770833 0.025000 0.025000
1 0.453125 0.780208 0.031250 0.035417
0 0.507031 0.788542 0.023438 0.027083
0 0.566406 0.746875 0.023438 0.035417
0 0.610156 0.660417 0.023438 0.037500
0 0.619531 0.754167 0.026562 0.029167
1 0.632031 0.704167 0.026562 0.033333
1 0.626563 0.608333 0.028125 0.041667
0 0.621094 0.523958 0.017188 0.035417
1 0.617188 0.341667 0.031250 0.041667
1 0.511719 0.667708 0.026562 0.035417
1 0.503906 0.647917 0.029687 0.041667
1 0.351562 0.719792 0.028125 0.039583
0 0.342969 0.815625 0.023438 0.031250
0 0.460938 0.837500 0.031250 0.033333
0 0.418750 0.865625 0.025000 0.027083
1 0.553125 0.833333 0.028125 0.033333
0 0.574219 0.821875 0.026562 0.031250
0 0.489844 0.886458 0.029687 0.031250
1 0.383594 0.909375 0.029687 0.031250
0 0.385937 0.817708 0.031250 0.031250
0 0.614062 0.889583 0.025000 0.033333
0 0.671875 0.660417 0.021875 0.037500
0 0.403125 0.696875 0.025000 0.035417
